100
200
60 97
68 72
56 55
77 75
27 24
52 97
17 22
9 12
31 84
7 90
49 25
98 68
100 55
97 73
89 67
43 17
12 14
26 8
89 13
97 92
47 63
37 13
22 35
21 5
10 83
8 87
12 15
32 81
47 78
2 94
98 34
69 15
41 88
21 71
72 73
58 96
17 96
64 82
41 97
76 42
28 37
46 55
56 28
66 87
82 3
98 73
63 10
37 96
52 58
93 27
5 66
45 94
56 47
83 82
48 73
61 85
100 21
49 71
99 12
42 49
40 46
63 28
84 9
69 77
95 52
29 33
57 91
68 47
40 66
95 5
74 45
38 69
35 67
87 76
100 31
15 99
22 83
81 15
46 80
49 79
10 35
46 6
71 82
91 44
94 37
17 20
7 87
44 47
38 46
31 83
83 50
62 60
14 33
17 57
26 21
67 90
92 54
3 42
80 77
68 63
25 28
4 64
32 48
31 36
48 30
57 27
84 38
70 28
56 6
38 100
76 2
58 29
62 61
68 83
52 63
97 87
1 15
69 78
25 31
86 15
67 89
69 40
20 69
72 36
9 76
42 37
96 11
14 77
22 97
66 53
16 33
93 1
67 42
50 67
97 100
31 54
54 100
55 60
33 52
74 42
37 91
83 92
20 34
64 35
48 57
96 16
15 19
11 88
55 90
94 23
29 48
46 77
67 41
92 77
27 54
9 94
91 81
96 45
21 26
85 22
96 93
43 18
25 8
59 61
20 78
59 19
25 91
84 36
36 50
11 43
69 46
76 82
61 94
31 20
11 61
4 15
83 88
86 33
66 54
8 61
100 36
39 55
70 83
2 69
78 29
68 76
66 69
97 58
43 88
30 58
53 37
16 5
99 74
97 94
93 31
49 54
22 4
56 34
59 8
83 44
